{"nbformat":4,"nbformat_minor":0,"metadata":{"colab":{"provenance":[],"authorship_tag":"ABX9TyPf6tWT1gMEsFXHW0zD5fRh"},"kernelspec":{"name":"python3","display_name":"Python 3"},"language_info":{"name":"python"}},"cells":[{"cell_type":"code","execution_count":1,"metadata":{"colab":{"base_uri":"https://localhost:8080/"},"id":"_6L5Amb4NE8Y","executionInfo":{"status":"ok","timestamp":1663828079380,"user_tz":-540,"elapsed":27134,"user":{"displayName":"Tasuku Kuriki","userId":"00300535165227155816"}},"outputId":"a7a0696a-d011-4d48-e7b4-06a7105157a6"},"outputs":[{"output_type":"stream","name":"stdout","text":["Mounted at /content/drive\n"]}],"source":["from google.colab import drive\n","drive.mount(\"/content/drive\")"]},{"cell_type":"code","source":["!pip install optuna"],"metadata":{"colab":{"base_uri":"https://localhost:8080/"},"id":"dbVTxW3oVWla","executionInfo":{"status":"ok","timestamp":1663828094881,"user_tz":-540,"elapsed":15505,"user":{"displayName":"Tasuku Kuriki","userId":"00300535165227155816"}},"outputId":"44bb5a8c-143a-45ae-932a-acf631117582"},"execution_count":2,"outputs":[{"output_type":"stream","name":"stdout","text":["Looking in indexes: https://pypi.org/simple, https://us-python.pkg.dev/colab-wheels/public/simple/\n","Collecting optuna\n","  Downloading optuna-3.0.2-py3-none-any.whl (348 kB)\n","\u001b[K     |████████████████████████████████| 348 kB 2.1 MB/s \n","\u001b[?25hCollecting alembic>=1.5.0\n","  Downloading alembic-1.8.1-py3-none-any.whl (209 kB)\n","\u001b[K     |████████████████████████████████| 209 kB 15.8 MB/s \n","\u001b[?25hRequirement already satisfied: scipy<1.9.0,>=1.7.0 in /usr/local/lib/python3.7/dist-packages (from optuna) (1.7.3)\n","Requirement already satisfied: sqlalchemy>=1.3.0 in /usr/local/lib/python3.7/dist-packages (from optuna) (1.4.41)\n","Requirement already satisfied: tqdm in /usr/local/lib/python3.7/dist-packages (from optuna) (4.64.1)\n","Collecting cmaes>=0.8.2\n","  Downloading cmaes-0.8.2-py3-none-any.whl (15 kB)\n","Collecting colorlog\n","  Downloading colorlog-6.7.0-py2.py3-none-any.whl (11 kB)\n","Requirement already satisfied: numpy in /usr/local/lib/python3.7/dist-packages (from optuna) (1.21.6)\n","Requirement already satisfied: packaging>=20.0 in /usr/local/lib/python3.7/dist-packages (from optuna) (21.3)\n","Collecting cliff\n","  Downloading cliff-3.10.1-py3-none-any.whl (81 kB)\n","\u001b[K     |████████████████████████████████| 81 kB 5.1 MB/s \n","\u001b[?25hRequirement already satisfied: PyYAML in /usr/local/lib/python3.7/dist-packages (from optuna) (6.0)\n","Collecting Mako\n","  Downloading Mako-1.2.2-py3-none-any.whl (78 kB)\n","\u001b[K     |████████████████████████████████| 78 kB 5.7 MB/s \n","\u001b[?25hRequirement already satisfied: importlib-metadata in /usr/local/lib/python3.7/dist-packages (from alembic>=1.5.0->optuna) (4.12.0)\n","Requirement already satisfied: importlib-resources in /usr/local/lib/python3.7/dist-packages (from alembic>=1.5.0->optuna) (5.9.0)\n","Requirement already satisfied: pyparsing!=3.0.5,>=2.0.2 in /usr/local/lib/python3.7/dist-packages (from packaging>=20.0->optuna) (3.0.9)\n","Requirement already satisfied: greenlet!=0.4.17 in /usr/local/lib/python3.7/dist-packages (from sqlalchemy>=1.3.0->optuna) (1.1.3)\n","Collecting pbr!=2.1.0,>=2.0.0\n","  Downloading pbr-5.10.0-py2.py3-none-any.whl (112 kB)\n","\u001b[K     |████████████████████████████████| 112 kB 41.6 MB/s \n","\u001b[?25hCollecting cmd2>=1.0.0\n","  Downloading cmd2-2.4.2-py3-none-any.whl (147 kB)\n","\u001b[K     |████████████████████████████████| 147 kB 39.8 MB/s \n","\u001b[?25hCollecting stevedore>=2.0.1\n","  Downloading stevedore-3.5.0-py3-none-any.whl (49 kB)\n","\u001b[K     |████████████████████████████████| 49 kB 6.4 MB/s \n","\u001b[?25hRequirement already satisfied: PrettyTable>=0.7.2 in /usr/local/lib/python3.7/dist-packages (from cliff->optuna) (3.4.1)\n","Collecting autopage>=0.4.0\n","  Downloading autopage-0.5.1-py3-none-any.whl (29 kB)\n","Collecting pyperclip>=1.6\n","  Downloading pyperclip-1.8.2.tar.gz (20 kB)\n","Requirement already satisfied: wcwidth>=0.1.7 in /usr/local/lib/python3.7/dist-packages (from cmd2>=1.0.0->cliff->optuna) (0.2.5)\n","Requirement already satisfied: attrs>=16.3.0 in /usr/local/lib/python3.7/dist-packages (from cmd2>=1.0.0->cliff->optuna) (22.1.0)\n","Requirement already satisfied: typing-extensions in /usr/local/lib/python3.7/dist-packages (from cmd2>=1.0.0->cliff->optuna) (4.1.1)\n","Requirement already satisfied: zipp>=0.5 in /usr/local/lib/python3.7/dist-packages (from importlib-metadata->alembic>=1.5.0->optuna) (3.8.1)\n","Requirement already satisfied: MarkupSafe>=0.9.2 in /usr/local/lib/python3.7/dist-packages (from Mako->alembic>=1.5.0->optuna) (2.0.1)\n","Building wheels for collected packages: pyperclip\n","  Building wheel for pyperclip (setup.py) ... \u001b[?25l\u001b[?25hdone\n","  Created wheel for pyperclip: filename=pyperclip-1.8.2-py3-none-any.whl size=11137 sha256=650774a509b58cb4585b52fbab44ce7c8f54c5e21f08cbcc8edfbd15da5ae858\n","  Stored in directory: /root/.cache/pip/wheels/9f/18/84/8f69f8b08169c7bae2dde6bd7daf0c19fca8c8e500ee620a28\n","Successfully built pyperclip\n","Installing collected packages: pyperclip, pbr, stevedore, Mako, cmd2, autopage, colorlog, cmaes, cliff, alembic, optuna\n","Successfully installed Mako-1.2.2 alembic-1.8.1 autopage-0.5.1 cliff-3.10.1 cmaes-0.8.2 cmd2-2.4.2 colorlog-6.7.0 optuna-3.0.2 pbr-5.10.0 pyperclip-1.8.2 stevedore-3.5.0\n"]}]},{"cell_type":"code","source":["import pandas as pd\n","import numpy as np\n","import os\n","\n","import scipy\n","import sklearn\n","from scipy.optimize import minimize\n","from sklearn.metrics import mean_squared_error as mse,f1_score\n","import matplotlib.pyplot as plt\n","import seaborn as sns\n","from matplotlib import rcParams\n","from tqdm import tqdm\n","import optuna\n","\n","pd.set_option('display.max_columns', 50)"],"metadata":{"id":"R_JNgMaTNjtr","executionInfo":{"status":"ok","timestamp":1663828096566,"user_tz":-540,"elapsed":1688,"user":{"displayName":"Tasuku Kuriki","userId":"00300535165227155816"}}},"execution_count":3,"outputs":[]},{"cell_type":"code","source":["DIR = '/content/drive/MyDrive/Competitions/Signate/MUFJ'\n","INPUT_DIR = os.path.join(DIR,'input')\n","OUTPUT_DIR = os.path.join(DIR,'output')\n","OUTPUT_SUB_DIR = os.path.join(OUTPUT_DIR,'submission')\n","#OUTPUT_MODEL_DIR = os.path.join(OUTPUT_DIR,'model')\n","OUTPUT_MODEL_DIR19 = DIR + '/output/model/EXP19/'\n","OUTPUT_MODEL_DIR20 = DIR + '/output/model/EXP20/'\n","OUTPUT_MODEL_DIR22 = DIR + '/output/model/EXP22/'\n","OUTPUT_MODEL_DIR23 = DIR + '/output/model/EXP23/'\n","OUTPUT_MODEL_DIR24 = DIR + '/output/model/EXP24/'\n","OUTPUT_MODEL_DIR25 = DIR + '/output/model/EXP25/'\n","OUTPUT_MODEL_DIR27 = DIR + '/output/model/EXP27/'\n","OUTPUT_MODEL_DIR28 = DIR + '/output/model/EXP28/'\n","OUTPUT_MODEL_DIR31 = DIR + '/output/model/EXP31/'\n","OUTPUT_MODEL_DIR41 = DIR + '/output/model/EXP41/'\n","OUTPUT_MODEL_DIR42 = DIR + '/output/model/EXP42/'\n","\n","OUTPUT_MODEL_DIR21 = DIR + '/output/model/EXP21/'\n","OUTPUT_MODEL_DIR43 = DIR + '/output/model/EXP43/'\n","OUTPUT_MODEL_DIR44 = DIR + '/output/model/EXP44/'\n","OUTPUT_MODEL_DIR45 = DIR + '/output/model/EXP45/'\n","OUTPUT_MODEL_DIR46 = DIR + '/output/model/EXP46/'\n","\n","OUTPUT_MODEL_DIR34 = DIR + '/output/model/EXP34/'\n","OUTPUT_MODEL_DIR39 = DIR + '/output/model/EXP39/'\n","OUTPUT_MODEL_DIR40 = DIR + '/output/model/EXP40/'\n","OUTPUT_MODEL_DIR47 = DIR + '/output/model/EXP47/'\n","OUTPUT_MODEL_DIR48 = DIR + '/output/model/EXP48/'"],"metadata":{"id":"iWZX1mZzNt0k","executionInfo":{"status":"ok","timestamp":1663828096567,"user_tz":-540,"elapsed":7,"user":{"displayName":"Tasuku Kuriki","userId":"00300535165227155816"}}},"execution_count":4,"outputs":[]},{"cell_type":"code","source":["class CFG19:\n","    num_workers=4\n","    path=OUTPUT_MODEL_DIR19\n","    config_path=path+'config.pth'\n","    model=\"microsoft/deberta-v3-base\"\n","    batch_size=32\n","    fc_dropout=0.2\n","    target_size=1\n","    max_len=256\n","    seed=42\n","    n_fold=4\n","    trn_fold=[0, 1, 2, 3]\n","    gradient_checkpointing=True\n","    freezing=True\n","    clean_content = True\n","\n","class CFG20:\n","    num_workers=4\n","    path=OUTPUT_MODEL_DIR20\n","    config_path=path+'config.pth'\n","    model=\"microsoft/deberta-v3-large\"\n","    batch_size=32\n","    fc_dropout=0.2\n","    target_size=1\n","    max_len=256\n","    seed=42\n","    n_fold=4\n","    trn_fold=[0, 1, 2, 3]\n","    gradient_checkpointing=True\n","    freezing=True\n","    clean_content = True\n","\n","class CFG22:\n","    num_workers=4\n","    path=OUTPUT_MODEL_DIR22\n","    config_path=path+'config.pth'\n","    model=\"facebook/bart-large\"\n","    batch_size=32\n","    fc_dropout=0.2\n","    target_size=1\n","    max_len=128\n","    seed=42\n","    n_fold=4\n","    trn_fold=[0, 1, 2, 3]\n","    gradient_checkpointing=False\n","    freezing=False\n","    clean_content = True\n","\n","class CFG23:\n","    num_workers=4\n","    path=OUTPUT_MODEL_DIR23\n","    config_path=path+'config.pth'\n","    model=\"microsoft/deberta-large\"\n","    batch_size=32\n","    fc_dropout=0.2\n","    target_size=1\n","    max_len=256\n","    seed=42\n","    n_fold=4\n","    trn_fold=[0, 1, 2, 3]\n","    gradient_checkpointing=True\n","    freezing=True\n","    clean_content = True\n","\n","class CFG24:\n","    num_workers=4\n","    path=OUTPUT_MODEL_DIR24\n","    config_path=path+'config.pth'\n","    model=\"funnel-transformer/large\"\n","    batch_size=32\n","    fc_dropout=0.2\n","    target_size=1\n","    max_len=256\n","    seed=42\n","    n_fold=4\n","    trn_fold=[0, 1, 2, 3]\n","    gradient_checkpointing=False\n","    freezing=False\n","    clean_content = True\n","\n","class CFG25:\n","    num_workers=4\n","    path=OUTPUT_MODEL_DIR25\n","    config_path=path+'config.pth'\n","    model=\"xlnet-large-cased\"\n","    batch_size=32\n","    fc_dropout=0.2\n","    target_size=1\n","    max_len=128\n","    seed=42\n","    n_fold=4\n","    trn_fold=[1, 2, 3]\n","    gradient_checkpointing=False\n","    freezing=False\n","    clean_content = True\n","\n","class CFG27:\n","    num_workers=4\n","    path=OUTPUT_MODEL_DIR27\n","    config_path=path+'config.pth'\n","    model=\"microsoft/deberta-xlarge\"\n","    batch_size=32\n","    fc_dropout=0.2\n","    target_size=1\n","    max_len=256\n","    seed=42\n","    n_fold=4\n","    trn_fold=[0, 1, 2, 3]\n","    gradient_checkpointing=True\n","    freezing=True\n","    clean_content = True\n","\n","class CFG28:\n","    num_workers=4\n","    path=OUTPUT_MODEL_DIR28\n","    config_path=path+'config.pth'\n","    model=\"microsoft/deberta-base\"\n","    batch_size=32\n","    fc_dropout=0.2\n","    target_size=1\n","    max_len=256\n","    seed=42\n","    n_fold=4\n","    trn_fold=[0, 1, 2, 3]\n","    gradient_checkpointing=True\n","    freezing=True\n","    clean_content = True\n","\n","class CFG31:\n","    num_workers=4\n","    path=OUTPUT_MODEL_DIR31\n","    config_path=path+'config.pth'\n","    model=\"funnel-transformer/medium\"\n","    batch_size=32\n","    fc_dropout=0.2\n","    target_size=1\n","    max_len=256\n","    seed=42\n","    n_fold=4\n","    trn_fold=[0, 1, 2, 3]\n","    gradient_checkpointing=False\n","    freezing=False\n","    clean_content = True\n","\n","class CFG41:\n","    num_workers=4\n","    path=OUTPUT_MODEL_DIR41\n","    config_path=path+'config.pth'\n","    model=\"facebook/bart-base\"\n","    batch_size=32\n","    fc_dropout=0.2\n","    target_size=1\n","    max_len=256\n","    seed=42\n","    n_fold=4\n","    trn_fold=[0, 1, 2, 3]\n","    gradient_checkpointing=False\n","    freezing=False\n","    clean_content = True\n","\n","class CFG42:\n","    num_workers=4\n","    path=OUTPUT_MODEL_DIR42\n","    config_path=path+'config.pth'\n","    model=\"facebook/bart-large-mnli\"\n","    batch_size=32\n","    fc_dropout=0.2\n","    target_size=1\n","    max_len=180\n","    seed=42\n","    n_fold=4\n","    trn_fold=[0, 1, 2, 3]\n","    gradient_checkpointing=False\n","    freezing=False\n","    clean_content = True\n","\n","\n","class CFG21:\n","    num_workers=4\n","    path=OUTPUT_MODEL_DIR21\n","    config_path=path+'config.pth'\n","    model=\"microsoft/deberta-v3-base\"\n","    batch_size=32\n","    fc_dropout=0.2\n","    target_size=1\n","    max_len=256\n","    seed=42\n","    n_fold=4\n","    trn_fold=[0, 1, 2, 3]\n","    gradient_checkpointing=True\n","    freezing=True\n","    clean_content = True\n","\n","class CFG43:\n","    num_workers=4\n","    path=OUTPUT_MODEL_DIR43\n","    config_path=path+'config.pth'\n","    model=\"funnel-transformer/large\"\n","    batch_size=32\n","    fc_dropout=0.2\n","    target_size=1\n","    max_len=256\n","    seed=42\n","    n_fold=4\n","    trn_fold=[0, 1, 2, 3]\n","    gradient_checkpointing=False\n","    freezing=False\n","    clean_content = False\n","\n","class CFG44:\n","    num_workers=4\n","    path=OUTPUT_MODEL_DIR44\n","    config_path=path+'config.pth'\n","    model=\"microsoft/deberta-v3-large\"\n","    batch_size=32\n","    fc_dropout=0.2\n","    target_size=1\n","    max_len=256\n","    seed=42\n","    n_fold=4\n","    trn_fold=[0, 1, 2, 3]\n","    gradient_checkpointing=False\n","    freezing=True\n","    clean_content = True\n","\n","class CFG45:\n","    num_workers=4\n","    path=OUTPUT_MODEL_DIR45\n","    config_path=path+'config.pth'\n","    model=\"facebook/bart-large-mnli\"\n","    batch_size=32\n","    fc_dropout=0.2\n","    target_size=1\n","    max_len=180\n","    seed=42\n","    n_fold=4\n","    trn_fold=[0, 1, 2, 3]\n","    gradient_checkpointing=False\n","    freezing=False\n","    clean_content = False\n","\n","class CFG46:\n","    num_workers=4\n","    path=OUTPUT_MODEL_DIR46\n","    config_path=path+'config.pth'\n","    model=\"microsoft/deberta-base\"\n","    batch_size=32\n","    fc_dropout=0.2\n","    target_size=1\n","    max_len=256\n","    seed=42\n","    n_fold=4\n","    trn_fold=[0, 1, 2, 3]\n","    gradient_checkpointing=True\n","    freezing=True\n","    clean_content = True\n","\n","\n","class CFG34:\n","    num_workers=4\n","    path=OUTPUT_MODEL_DIR34\n","    config_path=path+'config.pth'\n","    model=\"microsoft/deberta-v3-base\"\n","    batch_size=32\n","    fc_dropout=0.2\n","    target_size=2\n","    max_len=256\n","    seed=42\n","    n_fold=4\n","    trn_fold=[0, 1, 2, 3]\n","    gradient_checkpointing=True\n","    freezing=True\n","    clean_content = True\n","    target_cols = [\"state\",\"category1\"]\n","\n","class CFG39:\n","    num_workers=4\n","    path=OUTPUT_MODEL_DIR39\n","    config_path=path+'config.pth'\n","    model=\"microsoft/deberta-v3-large\"\n","    batch_size=32\n","    fc_dropout=0.2\n","    target_size=2\n","    max_len=256\n","    seed=42\n","    n_fold=4\n","    trn_fold=[0, 1, 2, 3]\n","    gradient_checkpointing=True\n","    freezing=True\n","    clean_content = True\n","    target_cols = [\"state\",\"category1\"]\n","\n","class CFG40:\n","    num_workers=4\n","    path=OUTPUT_MODEL_DIR40\n","    config_path=path+'config.pth'\n","    model=\"microsoft/deberta-xlarge\"\n","    batch_size=32\n","    fc_dropout=0.2\n","    target_size=2\n","    max_len=256\n","    seed=42\n","    n_fold=4\n","    trn_fold=[0, 1, 2, 3]\n","    gradient_checkpointing=True\n","    freezing=True\n","    clean_content = True\n","    target_cols = [\"state\",\"category1\"]\n","\n","class CFG47:\n","    num_workers=4\n","    path=OUTPUT_MODEL_DIR47\n","    config_path=path+'config.pth'\n","    model=\"funnel-transformer/large\"\n","    batch_size=32\n","    fc_dropout=0.2\n","    target_size=2\n","    max_len=256\n","    seed=42\n","    n_fold=4\n","    trn_fold=[0, 1, 2, 3]\n","    gradient_checkpointing=False\n","    freezing=False\n","    clean_content = True\n","    target_cols = [\"state\",\"category1\"]\n","\n","class CFG48:\n","    num_workers=4\n","    path=OUTPUT_MODEL_DIR48\n","    config_path=path+'config.pth'\n","    model=\"facebook/bart-large-mnli\"\n","    batch_size=32\n","    fc_dropout=0.2\n","    target_size=2\n","    max_len=180\n","    seed=42\n","    n_fold=4\n","    trn_fold=[1, 2, 3]\n","    gradient_checkpointing=False\n","    freezing=False\n","    clean_content = True\n","    target_cols = [\"state\",\"category1\"]"],"metadata":{"id":"_8SRG49eN1ov","executionInfo":{"status":"ok","timestamp":1663828096567,"user_tz":-540,"elapsed":6,"user":{"displayName":"Tasuku Kuriki","userId":"00300535165227155816"}}},"execution_count":5,"outputs":[]},{"cell_type":"code","source":["oof_19 = pd.read_pickle(CFG19.path+'oof_df.pkl')\n","oof_20 = pd.read_pickle(CFG20.path+'oof_df.pkl')\n","oof_22 = pd.read_pickle(CFG22.path+'oof_df.pkl')\n","oof_23 = pd.read_pickle(CFG23.path+'oof_df.pkl')\n","oof_24 = pd.read_pickle(CFG24.path+'oof_df.pkl')\n","oof_25 = pd.read_pickle(CFG25.path+'oof_df.pkl')\n","oof_27 = pd.read_pickle(CFG27.path+'oof_df.pkl')\n","oof_28 = pd.read_pickle(CFG28.path+'oof_df.pkl')\n","oof_31 = pd.read_pickle(CFG31.path+'oof_df.pkl')\n","oof_41 = pd.read_pickle(CFG41.path+'oof_df.pkl')\n","oof_42 = pd.read_pickle(CFG42.path+'oof_df.pkl')\n","\n","oof_21 = pd.read_pickle(CFG21.path+'oof_df.pkl')\n","oof_43 = pd.read_pickle(CFG43.path+'oof_df.pkl')\n","oof_44 = pd.read_pickle(CFG44.path+'oof_df.pkl')\n","oof_45 = pd.read_pickle(CFG45.path+'oof_df.pkl')\n","oof_46 = pd.read_pickle(CFG46.path+'oof_df.pkl')\n","\n","oof_34 = pd.read_pickle(CFG34.path+'oof_df.pkl')\n","oof_39 = pd.read_pickle(CFG39.path+'oof_df.pkl')\n","oof_40 = pd.read_pickle(CFG40.path+'oof_df.pkl')\n","oof_47 = pd.read_pickle(CFG47.path+'oof_df.pkl')\n","oof_48 = pd.read_pickle(CFG48.path+'oof_df.pkl')"],"metadata":{"id":"xTwEbpDeN-aq","executionInfo":{"status":"ok","timestamp":1663828125640,"user_tz":-540,"elapsed":29078,"user":{"displayName":"Tasuku Kuriki","userId":"00300535165227155816"}}},"execution_count":6,"outputs":[]},{"cell_type":"code","source":["_df = pd.DataFrame()\n","\n","_df[\"state\"] = oof_25['state'].values\n","\n","_df[\"model_19\"] = oof_19['pred'].values\n","_df[\"model_20\"] = oof_20['pred'].values\n","_df[\"model_22\"] = oof_22['pred'].values\n","_df[\"model_23\"] = oof_23['pred'].values\n","_df[\"model_24\"] = oof_24['pred'].values\n","_df[\"model_25\"] = oof_25['pred'].values\n","_df[\"model_27\"] = oof_27['pred'].values\n","_df[\"model_28\"] = oof_28['pred'].values\n","_df[\"model_31\"] = oof_31['pred'].values\n","_df[\"model_41\"] = oof_41['pred'].values\n","_df[\"model_42\"] = oof_42['pred'].values\n","\n","_df[\"model_21\"] = oof_21['pred'].values\n","_df[\"model_43\"] = oof_43['pred'].values\n","_df[\"model_44\"] = oof_44['pred'].values\n","_df[\"model_45\"] = oof_45['pred'].values\n","_df[\"model_46\"] = oof_46['pred'].values\n","\n","_df[\"model_34\"] = oof_34[\"pred_state\"].values\n","_df[\"model_39\"] = oof_39[\"pred_state\"].values\n","_df[\"model_40\"] = oof_40[\"pred_state\"].values\n","_df[\"model_47\"] = oof_47[\"pred_state\"].values\n","_df[\"model_48\"] = oof_48[\"pred_state\"].values\n","\n","df_corr = _df.corr()\n","df_corr"],"metadata":{"colab":{"base_uri":"https://localhost:8080/","height":803},"id":"VKE5q-CE1wqL","executionInfo":{"status":"ok","timestamp":1663828125641,"user_tz":-540,"elapsed":10,"user":{"displayName":"Tasuku Kuriki","userId":"00300535165227155816"}},"outputId":"8a6cede0-82a8-4548-c738-cbefea7b5f74"},"execution_count":7,"outputs":[{"output_type":"execute_result","data":{"text/plain":["             state  model_19  model_20  model_22  model_23  model_24  \\\n","state     1.000000  0.672324  0.663560  0.662339  0.660524  0.634091   \n","model_19  0.672324  1.000000  0.873577  0.836251  0.857141  0.819231   \n","model_20  0.663560  0.873577  1.000000  0.816755  0.838587  0.824691   \n","model_22  0.662339  0.836251  0.816755  1.000000  0.836909  0.774819   \n","model_23  0.660524  0.857141  0.838587  0.836909  1.000000  0.802131   \n","model_24  0.634091  0.819231  0.824691  0.774819  0.802131  1.000000   \n","model_25  0.621772  0.800149  0.764297  0.844586  0.806306  0.742985   \n","model_27  0.664955  0.856656  0.850213  0.834356  0.897928  0.805022   \n","model_28  0.657560  0.854968  0.822341  0.849939  0.857039  0.788011   \n","model_31  0.647089  0.863286  0.823857  0.822153  0.840367  0.808958   \n","model_41  0.659626  0.857741  0.823793  0.882192  0.849287  0.777029   \n","model_42  0.670414  0.853027  0.835451  0.892581  0.847651  0.805019   \n","model_21  0.663269  0.933328  0.855709  0.832531  0.838731  0.795514   \n","model_43  0.648581  0.841395  0.846476  0.798434  0.828684  0.878798   \n","model_44  0.665239  0.865238  0.894299  0.801502  0.834653  0.812950   \n","model_45  0.671074  0.858998  0.836522  0.891559  0.864914  0.801690   \n","model_46  0.661358  0.844095  0.824883  0.853946  0.866311  0.779814   \n","model_34  0.679265  0.941836  0.871598  0.851971  0.855749  0.810644   \n","model_39  0.662137  0.855211  0.887829  0.807139  0.851217  0.808293   \n","model_40  0.657829  0.847204  0.834118  0.816845  0.874170  0.807131   \n","model_47  0.651747  0.830485  0.841558  0.799960  0.821728  0.865614   \n","model_48  0.662559  0.843305  0.803349  0.874467  0.845693  0.770221   \n","\n","          model_25  model_27  model_28  model_31  model_41  model_42  \\\n","state     0.621772  0.664955  0.657560  0.647089  0.659626  0.670414   \n","model_19  0.800149  0.856656  0.854968  0.863286  0.857741  0.853027   \n","model_20  0.764297  0.850213  0.822341  0.823857  0.823793  0.835451   \n","model_22  0.844586  0.834356  0.849939  0.822153  0.882192  0.892581   \n","model_23  0.806306  0.897928  0.857039  0.840367  0.849287  0.847651   \n","model_24  0.742985  0.805022  0.788011  0.808958  0.777029  0.805019   \n","model_25  1.000000  0.791462  0.797608  0.795548  0.814800  0.827532   \n","model_27  0.791462  1.000000  0.839240  0.824946  0.850226  0.851963   \n","model_28  0.797608  0.839240  1.000000  0.849307  0.883095  0.857464   \n","model_31  0.795548  0.824946  0.849307  1.000000  0.842608  0.838881   \n","model_41  0.814800  0.850226  0.883095  0.842608  1.000000  0.865533   \n","model_42  0.827532  0.851963  0.857464  0.838881  0.865533  1.000000   \n","model_21  0.793479  0.842488  0.870710  0.859787  0.863787  0.845960   \n","model_43  0.768511  0.833937  0.817769  0.837969  0.805280  0.823238   \n","model_44  0.753390  0.843251  0.831262  0.830760  0.815514  0.822451   \n","model_45  0.843203  0.858116  0.858413  0.845033  0.872516  0.931771   \n","model_46  0.815795  0.858083  0.915903  0.827321  0.888251  0.852317   \n","model_34  0.807340  0.863056  0.873755  0.871793  0.879756  0.860175   \n","model_39  0.775473  0.855009  0.810635  0.815604  0.807453  0.823359   \n","model_40  0.772372  0.868816  0.853713  0.829273  0.828831  0.840895   \n","model_47  0.767206  0.824006  0.811992  0.820301  0.804647  0.828218   \n","model_48  0.832394  0.823381  0.837634  0.822798  0.872118  0.874431   \n","\n","          model_21  model_43  model_44  model_45  model_46  model_34  \\\n","state     0.663269  0.648581  0.665239  0.671074  0.661358  0.679265   \n","model_19  0.933328  0.841395  0.865238  0.858998  0.844095  0.941836   \n","model_20  0.855709  0.846476  0.894299  0.836522  0.824883  0.871598   \n","model_22  0.832531  0.798434  0.801502  0.891559  0.853946  0.851971   \n","model_23  0.838731  0.828684  0.834653  0.864914  0.866311  0.855749   \n","model_24  0.795514  0.878798  0.812950  0.801690  0.779814  0.810644   \n","model_25  0.793479  0.768511  0.753390  0.843203  0.815795  0.807340   \n","model_27  0.842488  0.833937  0.843251  0.858116  0.858083  0.863056   \n","model_28  0.870710  0.817769  0.831262  0.858413  0.915903  0.873755   \n","model_31  0.859787  0.837969  0.830760  0.845033  0.827321  0.871793   \n","model_41  0.863787  0.805280  0.815514  0.872516  0.888251  0.879756   \n","model_42  0.845960  0.823238  0.822451  0.931771  0.852317  0.860175   \n","model_21  1.000000  0.823445  0.865464  0.844682  0.853359  0.934396   \n","model_43  0.823445  1.000000  0.839933  0.825465  0.809578  0.843206   \n","model_44  0.865464  0.839933  1.000000  0.826604  0.816341  0.867298   \n","model_45  0.844682  0.825465  0.826604  1.000000  0.861193  0.863500   \n","model_46  0.853359  0.809578  0.816341  0.861193  1.000000  0.866864   \n","model_34  0.934396  0.843206  0.867298  0.863500  0.866864  1.000000   \n","model_39  0.834728  0.832286  0.883115  0.834011  0.825199  0.856301   \n","model_40  0.849049  0.830833  0.845267  0.837713  0.840380  0.853512   \n","model_47  0.816077  0.881469  0.823211  0.823186  0.811532  0.835323   \n","model_48  0.816448  0.791855  0.788808  0.902302  0.846306  0.849587   \n","\n","          model_39  model_40  model_47  model_48  \n","state     0.662137  0.657829  0.651747  0.662559  \n","model_19  0.855211  0.847204  0.830485  0.843305  \n","model_20  0.887829  0.834118  0.841558  0.803349  \n","model_22  0.807139  0.816845  0.799960  0.874467  \n","model_23  0.851217  0.874170  0.821728  0.845693  \n","model_24  0.808293  0.807131  0.865614  0.770221  \n","model_25  0.775473  0.772372  0.767206  0.832394  \n","model_27  0.855009  0.868816  0.824006  0.823381  \n","model_28  0.810635  0.853713  0.811992  0.837634  \n","model_31  0.815604  0.829273  0.820301  0.822798  \n","model_41  0.807453  0.828831  0.804647  0.872118  \n","model_42  0.823359  0.840895  0.828218  0.874431  \n","model_21  0.834728  0.849049  0.816077  0.816448  \n","model_43  0.832286  0.830833  0.881469  0.791855  \n","model_44  0.883115  0.845267  0.823211  0.788808  \n","model_45  0.834011  0.837713  0.823186  0.902302  \n","model_46  0.825199  0.840380  0.811532  0.846306  \n","model_34  0.856301  0.853512  0.835323  0.849587  \n","model_39  1.000000  0.827772  0.825623  0.800647  \n","model_40  0.827772  1.000000  0.825141  0.807708  \n","model_47  0.825623  0.825141  1.000000  0.789732  \n","model_48  0.800647  0.807708  0.789732  1.000000  "],"text/html":["\n","  <div id=\"df-c26e8629-a997-418e-9db2-6e39de96756f\">\n","    <div class=\"colab-df-container\">\n","      <div>\n","<style scoped>\n","    .dataframe tbody tr th:only-of-type {\n","        vertical-align: middle;\n","    }\n","\n","    .dataframe tbody tr th {\n","        vertical-align: top;\n","    }\n","\n","    .dataframe thead th {\n","        text-align: right;\n","    }\n","</style>\n","<table border=\"1\" class=\"dataframe\">\n","  <thead>\n","    <tr style=\"text-align: right;\">\n","      <th></th>\n","      <th>state</th>\n","      <th>model_19</th>\n","      <th>model_20</th>\n","      <th>model_22</th>\n","      <th>model_23</th>\n","      <th>model_24</th>\n","      <th>model_25</th>\n","      <th>model_27</th>\n","      <th>model_28</th>\n","      <th>model_31</th>\n","      <th>model_41</th>\n","      <th>model_42</th>\n","      <th>model_21</th>\n","      <th>model_43</th>\n","      <th>model_44</th>\n","      <th>model_45</th>\n","      <th>model_46</th>\n","      <th>model_34</th>\n","      <th>model_39</th>\n","      <th>model_40</th>\n","      <th>model_47</th>\n","      <th>model_48</th>\n","    </tr>\n","  </thead>\n","  <tbody>\n","    <tr>\n","      <th>state</th>\n","      <td>1.000000</td>\n","      <td>0.672324</td>\n","      <td>0.663560</td>\n","      <td>0.662339</td>\n","      <td>0.660524</td>\n","      <td>0.634091</td>\n","      <td>0.621772</td>\n","      <td>0.664955</td>\n","      <td>0.657560</td>\n","      <td>0.647089</td>\n","      <td>0.659626</td>\n","      <td>0.670414</td>\n","      <td>0.663269</td>\n","      <td>0.648581</td>\n","      <td>0.665239</td>\n","      <td>0.671074</td>\n","      <td>0.661358</td>\n","      <td>0.679265</td>\n","      <td>0.662137</td>\n","      <td>0.657829</td>\n","      <td>0.651747</td>\n","      <td>0.662559</td>\n","    </tr>\n","    <tr>\n","      <th>model_19</th>\n","      <td>0.672324</td>\n","      <td>1.000000</td>\n","      <td>0.873577</td>\n","      <td>0.836251</td>\n","      <td>0.857141</td>\n","      <td>0.819231</td>\n","      <td>0.800149</td>\n","      <td>0.856656</td>\n","      <td>0.854968</td>\n","      <td>0.863286</td>\n","      <td>0.857741</td>\n","      <td>0.853027</td>\n","      <td>0.933328</td>\n","      <td>0.841395</td>\n","      <td>0.865238</td>\n","      <td>0.858998</td>\n","      <td>0.844095</td>\n","      <td>0.941836</td>\n","      <td>0.855211</td>\n","      <td>0.847204</td>\n","      <td>0.830485</td>\n","      <td>0.843305</td>\n","    </tr>\n","    <tr>\n","      <th>model_20</th>\n","      <td>0.663560</td>\n","      <td>0.873577</td>\n","      <td>1.000000</td>\n","      <td>0.816755</td>\n","      <td>0.838587</td>\n","      <td>0.824691</td>\n","      <td>0.764297</td>\n","      <td>0.850213</td>\n","      <td>0.822341</td>\n","      <td>0.823857</td>\n","      <td>0.823793</td>\n","      <td>0.835451</td>\n","      <td>0.855709</td>\n","      <td>0.846476</td>\n","      <td>0.894299</td>\n","      <td>0.836522</td>\n","      <td>0.824883</td>\n","      <td>0.871598</td>\n","      <td>0.887829</td>\n","      <td>0.834118</td>\n","      <td>0.841558</td>\n","      <td>0.803349</td>\n","    </tr>\n","    <tr>\n","      <th>model_22</th>\n","      <td>0.662339</td>\n","      <td>0.836251</td>\n","      <td>0.816755</td>\n","      <td>1.000000</td>\n","      <td>0.836909</td>\n","      <td>0.774819</td>\n","      <td>0.844586</td>\n","      <td>0.834356</td>\n","      <td>0.849939</td>\n","      <td>0.822153</td>\n","      <td>0.882192</td>\n","      <td>0.892581</td>\n","      <td>0.832531</td>\n","      <td>0.798434</td>\n","      <td>0.801502</td>\n","      <td>0.891559</td>\n","      <td>0.853946</td>\n","      <td>0.851971</td>\n","      <td>0.807139</td>\n","      <td>0.816845</td>\n","      <td>0.799960</td>\n","      <td>0.874467</td>\n","    </tr>\n","    <tr>\n","      <th>model_23</th>\n","      <td>0.660524</td>\n","      <td>0.857141</td>\n","      <td>0.838587</td>\n","      <td>0.836909</td>\n","      <td>1.000000</td>\n","      <td>0.802131</td>\n","      <td>0.806306</td>\n","      <td>0.897928</td>\n","      <td>0.857039</td>\n","      <td>0.840367</td>\n","      <td>0.849287</td>\n","      <td>0.847651</td>\n","      <td>0.838731</td>\n","      <td>0.828684</td>\n","      <td>0.834653</td>\n","      <td>0.864914</td>\n","      <td>0.866311</td>\n","      <td>0.855749</td>\n","      <td>0.851217</td>\n","      <td>0.874170</td>\n","      <td>0.821728</td>\n","      <td>0.845693</td>\n","    </tr>\n","    <tr>\n","      <th>model_24</th>\n","      <td>0.634091</td>\n","      <td>0.819231</td>\n","      <td>0.824691</td>\n","      <td>0.774819</td>\n","      <td>0.802131</td>\n","      <td>1.000000</td>\n","      <td>0.742985</td>\n","      <td>0.805022</td>\n","      <td>0.788011</td>\n","      <td>0.808958</td>\n","      <td>0.777029</td>\n","      <td>0.805019</td>\n","      <td>0.795514</td>\n","      <td>0.878798</td>\n","      <td>0.812950</td>\n","      <td>0.801690</td>\n","      <td>0.779814</td>\n","      <td>0.810644</td>\n","      <td>0.808293</td>\n","      <td>0.807131</td>\n","      <td>0.865614</td>\n","      <td>0.770221</td>\n","    </tr>\n","    <tr>\n","      <th>model_25</th>\n","      <td>0.621772</td>\n","      <td>0.800149</td>\n","      <td>0.764297</td>\n","      <td>0.844586</td>\n","      <td>0.806306</td>\n","      <td>0.742985</td>\n","      <td>1.000000</td>\n","      <td>0.791462</td>\n","      <td>0.797608</td>\n","      <td>0.795548</td>\n","      <td>0.814800</td>\n","      <td>0.827532</td>\n","      <td>0.793479</td>\n","      <td>0.768511</td>\n","      <td>0.753390</td>\n","      <td>0.843203</td>\n","      <td>0.815795</td>\n","      <td>0.807340</td>\n","      <td>0.775473</td>\n","      <td>0.772372</td>\n","      <td>0.767206</td>\n","      <td>0.832394</td>\n","    </tr>\n","    <tr>\n","      <th>model_27</th>\n","      <td>0.664955</td>\n","      <td>0.856656</td>\n","      <td>0.850213</td>\n","      <td>0.834356</td>\n","      <td>0.897928</td>\n","      <td>0.805022</td>\n","      <td>0.791462</td>\n","      <td>1.000000</td>\n","      <td>0.839240</td>\n","      <td>0.824946</td>\n","      <td>0.850226</td>\n","      <td>0.851963</td>\n","      <td>0.842488</td>\n","      <td>0.833937</td>\n","      <td>0.843251</td>\n","      <td>0.858116</td>\n","      <td>0.858083</td>\n","      <td>0.863056</td>\n","      <td>0.855009</td>\n","      <td>0.868816</td>\n","      <td>0.824006</td>\n","      <td>0.823381</td>\n","    </tr>\n","    <tr>\n","      <th>model_28</th>\n","      <td>0.657560</td>\n","      <td>0.854968</td>\n","      <td>0.822341</td>\n","      <td>0.849939</td>\n","      <td>0.857039</td>\n","      <td>0.788011</td>\n","      <td>0.797608</td>\n","      <td>0.839240</td>\n","      <td>1.000000</td>\n","      <td>0.849307</td>\n","      <td>0.883095</td>\n","      <td>0.857464</td>\n","      <td>0.870710</td>\n","      <td>0.817769</td>\n","      <td>0.831262</td>\n","      <td>0.858413</td>\n","      <td>0.915903</td>\n","      <td>0.873755</td>\n","      <td>0.810635</td>\n","      <td>0.853713</td>\n","      <td>0.811992</td>\n","      <td>0.837634</td>\n","    </tr>\n","    <tr>\n","      <th>model_31</th>\n","      <td>0.647089</td>\n","      <td>0.863286</td>\n","      <td>0.823857</td>\n","      <td>0.822153</td>\n","      <td>0.840367</td>\n","      <td>0.808958</td>\n","      <td>0.795548</td>\n","      <td>0.824946</td>\n","      <td>0.849307</td>\n","      <td>1.000000</td>\n","      <td>0.842608</td>\n","      <td>0.838881</td>\n","      <td>0.859787</td>\n","      <td>0.837969</td>\n","      <td>0.830760</td>\n","      <td>0.845033</td>\n","      <td>0.827321</td>\n","      <td>0.871793</td>\n","      <td>0.815604</td>\n","      <td>0.829273</td>\n","      <td>0.820301</td>\n","      <td>0.822798</td>\n","    </tr>\n","    <tr>\n","      <th>model_41</th>\n","      <td>0.659626</td>\n","      <td>0.857741</td>\n","      <td>0.823793</td>\n","      <td>0.882192</td>\n","      <td>0.849287</td>\n","      <td>0.777029</td>\n","      <td>0.814800</td>\n","      <td>0.850226</td>\n","      <td>0.883095</td>\n","      <td>0.842608</td>\n","      <td>1.000000</td>\n","      <td>0.865533</td>\n","      <td>0.863787</td>\n","      <td>0.805280</td>\n","      <td>0.815514</td>\n","      <td>0.872516</td>\n","      <td>0.888251</td>\n","      <td>0.879756</td>\n","      <td>0.807453</td>\n","      <td>0.828831</td>\n","      <td>0.804647</td>\n","      <td>0.872118</td>\n","    </tr>\n","    <tr>\n","      <th>model_42</th>\n","      <td>0.670414</td>\n","      <td>0.853027</td>\n","      <td>0.835451</td>\n","      <td>0.892581</td>\n","      <td>0.847651</td>\n","      <td>0.805019</td>\n","      <td>0.827532</td>\n","      <td>0.851963</td>\n","      <td>0.857464</td>\n","      <td>0.838881</td>\n","      <td>0.865533</td>\n","      <td>1.000000</td>\n","      <td>0.845960</td>\n","      <td>0.823238</td>\n","      <td>0.822451</td>\n","      <td>0.931771</td>\n","      <td>0.852317</td>\n","      <td>0.860175</td>\n","      <td>0.823359</td>\n","      <td>0.840895</td>\n","      <td>0.828218</td>\n","      <td>0.874431</td>\n","    </tr>\n","    <tr>\n","      <th>model_21</th>\n","      <td>0.663269</td>\n","      <td>0.933328</td>\n","      <td>0.855709</td>\n","      <td>0.832531</td>\n","      <td>0.838731</td>\n","      <td>0.795514</td>\n","      <td>0.793479</td>\n","      <td>0.842488</td>\n","      <td>0.870710</td>\n","      <td>0.859787</td>\n","      <td>0.863787</td>\n","      <td>0.845960</td>\n","      <td>1.000000</td>\n","      <td>0.823445</td>\n","      <td>0.865464</td>\n","      <td>0.844682</td>\n","      <td>0.853359</td>\n","      <td>0.934396</td>\n","      <td>0.834728</td>\n","      <td>0.849049</td>\n","      <td>0.816077</td>\n","      <td>0.816448</td>\n","    </tr>\n","    <tr>\n","      <th>model_43</th>\n","      <td>0.648581</td>\n","      <td>0.841395</td>\n","      <td>0.846476</td>\n","      <td>0.798434</td>\n","      <td>0.828684</td>\n","      <td>0.878798</td>\n","      <td>0.768511</td>\n","      <td>0.833937</td>\n","      <td>0.817769</td>\n","      <td>0.837969</td>\n","      <td>0.805280</td>\n","      <td>0.823238</td>\n","      <td>0.823445</td>\n","      <td>1.000000</td>\n","      <td>0.839933</td>\n","      <td>0.825465</td>\n","      <td>0.809578</td>\n","      <td>0.843206</td>\n","      <td>0.832286</td>\n","      <td>0.830833</td>\n","      <td>0.881469</td>\n","      <td>0.791855</td>\n","    </tr>\n","    <tr>\n","      <th>model_44</th>\n","      <td>0.665239</td>\n","      <td>0.865238</td>\n","      <td>0.894299</td>\n","      <td>0.801502</td>\n","      <td>0.834653</td>\n","      <td>0.812950</td>\n","      <td>0.753390</td>\n","      <td>0.843251</td>\n","      <td>0.831262</td>\n","      <td>0.830760</td>\n","      <td>0.815514</td>\n","      <td>0.822451</td>\n","      <td>0.865464</td>\n","      <td>0.839933</td>\n","      <td>1.000000</td>\n","      <td>0.826604</td>\n","      <td>0.816341</td>\n","      <td>0.867298</td>\n","      <td>0.883115</td>\n","      <td>0.845267</td>\n","      <td>0.823211</td>\n","      <td>0.788808</td>\n","    </tr>\n","    <tr>\n","      <th>model_45</th>\n","      <td>0.671074</td>\n","      <td>0.858998</td>\n","      <td>0.836522</td>\n","      <td>0.891559</td>\n","      <td>0.864914</td>\n","      <td>0.801690</td>\n","      <td>0.843203</td>\n","      <td>0.858116</td>\n","      <td>0.858413</td>\n","      <td>0.845033</td>\n","      <td>0.872516</td>\n","      <td>0.931771</td>\n","      <td>0.844682</td>\n","      <td>0.825465</td>\n","      <td>0.826604</td>\n","      <td>1.000000</td>\n","      <td>0.861193</td>\n","      <td>0.863500</td>\n","      <td>0.834011</td>\n","      <td>0.837713</td>\n","      <td>0.823186</td>\n","      <td>0.902302</td>\n","    </tr>\n","    <tr>\n","      <th>model_46</th>\n","      <td>0.661358</td>\n","      <td>0.844095</td>\n","      <td>0.824883</td>\n","      <td>0.853946</td>\n","      <td>0.866311</td>\n","      <td>0.779814</td>\n","      <td>0.815795</td>\n","      <td>0.858083</td>\n","      <td>0.915903</td>\n","      <td>0.827321</td>\n","      <td>0.888251</td>\n","      <td>0.852317</td>\n","      <td>0.853359</td>\n","      <td>0.809578</td>\n","      <td>0.816341</td>\n","      <td>0.861193</td>\n","      <td>1.000000</td>\n","      <td>0.866864</td>\n","      <td>0.825199</td>\n","      <td>0.840380</td>\n","      <td>0.811532</td>\n","      <td>0.846306</td>\n","    </tr>\n","    <tr>\n","      <th>model_34</th>\n","      <td>0.679265</td>\n","      <td>0.941836</td>\n","      <td>0.871598</td>\n","      <td>0.851971</td>\n","      <td>0.855749</td>\n","      <td>0.810644</td>\n","      <td>0.807340</td>\n","      <td>0.863056</td>\n","      <td>0.873755</td>\n","      <td>0.871793</td>\n","      <td>0.879756</td>\n","      <td>0.860175</td>\n","      <td>0.934396</td>\n","      <td>0.843206</td>\n","      <td>0.867298</td>\n","      <td>0.863500</td>\n","      <td>0.866864</td>\n","      <td>1.000000</td>\n","      <td>0.856301</td>\n","      <td>0.853512</td>\n","      <td>0.835323</td>\n","      <td>0.849587</td>\n","    </tr>\n","    <tr>\n","      <th>model_39</th>\n","      <td>0.662137</td>\n","      <td>0.855211</td>\n","      <td>0.887829</td>\n","      <td>0.807139</td>\n","      <td>0.851217</td>\n","      <td>0.808293</td>\n","      <td>0.775473</td>\n","      <td>0.855009</td>\n","      <td>0.810635</td>\n","      <td>0.815604</td>\n","      <td>0.807453</td>\n","      <td>0.823359</td>\n","      <td>0.834728</td>\n","      <td>0.832286</td>\n","      <td>0.883115</td>\n","      <td>0.834011</td>\n","      <td>0.825199</td>\n","      <td>0.856301</td>\n","      <td>1.000000</td>\n","      <td>0.827772</td>\n","      <td>0.825623</td>\n","      <td>0.800647</td>\n","    </tr>\n","    <tr>\n","      <